320.0 518.0
322.0 518.0
383.0 565.0
379.0 549.0
405.0 564.0
424.0 573.0
444.0 578.0
480.0 593.0
459.0 572.0
446.0 527.0
469.0 517.0
495.0 511.0
520.0 522.0
498.0 506.0
493.0 496.0
489.0 481.0
489.0 471.0
501.0 470.0
512.0 468.0
511.0 457.0
520.0 440.0
526.0 432.0
537.0 427.0
549.0 418.0
531.0 411.0
511.0 406.0
501.0 395.0
498.0 381.0
492.0 394.0
476.0 402.0
491.0 361.0
500.0 352.0
510.0 349.0
518.0 349.0
507.0 343.0
498.0 334.0
497.0 319.0
502.0 310.0
511.0 304.0
492.0 303.0
496.0 283.0
502.0 263.0
513.0 253.0
526.0 241.0
502.0 248.0
488.0 250.0
475.0 244.0
474.0 253.0
464.0 254.0
446.0 254.0
440.0 247.0
435.0 260.0
431.0 274.0
415.0 292.0
405.0 309.0
386.0 320.0
386.0 291.0
389.0 271.0
400.0 245.0
413.0 230.0
424.0 224.0
407.0 221.0
392.0 218.0
383.0 211.0
380.0 199.0
376.0 182.0
361.0 189.0
349.0 178.0
334.0 160.0
329.0 138.0
320.0 106.0
311.0 138.0
306.0 160.0
291.0 178.0
279.0 189.0
264.0 182.0
260.0 199.0
257.0 211.0
248.0 218.0
233.0 221.0
216.0 224.0
227.0 230.0
240.0 245.0
251.0 271.0
254.0 291.0
254.0 320.0
235.0 309.0
225.0 292.0
209.0 274.0
205.0 260.0
200.0 247.0
194.0 254.0
176.0 254.0
166.0 253.0
165.0 244.0
152.0 250.0
138.0 248.0
114.0 241.0
127.0 253.0
138.0 263.0
144.0 283.0
148.0 303.0
129.0 304.0
138.0 310.0
143.0 319.0
142.0 334.0
133.0 343.0
122.0 349.0
130.0 349.0
140.0 352.0
149.0 361.0
164.0 402.0
148.0 394.0
142.0 381.0
139.0 395.0
129.0 406.0
109.0 411.0
91.0 418.0
103.0 427.0
114.0 432.0
120.0 440.0
129.0 457.0
128.0 468.0
139.0 470.0
151.0 471.0
151.0 481.0
147.0 496.0
142.0 506.0
120.0 522.0
145.0 511.0
171.0 517.0
194.0 527.0
181.0 572.0
160.0 593.0
196.0 578.0
216.0 573.0
235.0 564.0
261.0 549.0
257.0 565.0
318.0 518.0
320.0 518.0
